wavemakerType   Piston;
tSmooth         1.5;
genAbs          0;

timeSeries 621(
0.0
0.05
0.1
0.15
0.2
0.25
0.3
0.35
0.4
0.45
0.5
0.55
0.6
0.65
0.7
0.75
0.8
0.85
0.9
0.95
1.0
1.05
1.1
1.15
1.2
1.25
1.3
1.35
1.4
1.45
1.5
1.55
1.6
1.65
1.7
1.75
1.8
1.85
1.9
1.95
2.0
2.05
2.1
2.15
2.2
2.25
2.3
2.35
2.4
2.45
2.5
2.55
2.6
2.65
2.7
2.75
2.8
2.85
2.9
2.95
3.0
3.05
3.1
3.15
3.2
3.25
3.3
3.35
3.4
3.45
3.5
3.55
3.6
3.65
3.7
3.75
3.8
3.85
3.9
3.95
4.0
4.05
4.1
4.15
4.2
4.25
4.3
4.35
4.4
4.45
4.5
4.55
4.6
4.65
4.7
4.75
4.8
4.85
4.9
4.95
5.0
5.05
5.1
5.15
5.2
5.25
5.3
5.35
5.4
5.45
5.5
5.55
5.6
5.65
5.7
5.75
5.8
5.85
5.9
5.95
6.0
6.05
6.1
6.15
6.2
6.25
6.3
6.35
6.4
6.45
6.5
6.55
6.6
6.65
6.7
6.75
6.8
6.85
6.9
6.95
7.0
7.05
7.1
7.15
7.2
7.25
7.3
7.35
7.4
7.45
7.5
7.55
7.6
7.65
7.7
7.75
7.8
7.85
7.9
7.95
8.0
8.05
8.1
8.15
8.2
8.25
8.3
8.35
8.4
8.45
8.5
8.55
8.6
8.65
8.7
8.75
8.8
8.85
8.9
8.95
9.0
9.05
9.1
9.15
9.2
9.25
9.3
9.35
9.4
9.45
9.5
9.55
9.6
9.65
9.7
9.75
9.8
9.85
9.9
9.95
10.0
10.05
10.1
10.15
10.2
10.25
10.3
10.35
10.4
10.45
10.5
10.55
10.6
10.65
10.7
10.75
10.8
10.85
10.9
10.95
11.0
11.05
11.1
11.15
11.2
11.25
11.3
11.35
11.4
11.45
11.5
11.55
11.6
11.65
11.7
11.75
11.8
11.85
11.9
11.95
12.0
12.05
12.1
12.15
12.2
12.25
12.3
12.35
12.4
12.45
12.5
12.55
12.6
12.65
12.7
12.75
12.8
12.85
12.9
12.95
13.0
13.05
13.1
13.15
13.2
13.25
13.3
13.35
13.4
13.45
13.5
13.55
13.6
13.65
13.7
13.75
13.8
13.85
13.9
13.95
14.0
14.05
14.1
14.15
14.2
14.25
14.3
14.35
14.4
14.45
14.5
14.55
14.6
14.65
14.7
14.75
14.8
14.85
14.9
14.95
15.0
15.05
15.1
15.15
15.2
15.25
15.3
15.35
15.4
15.45
15.5
15.55
15.6
15.65
15.7
15.75
15.8
15.85
15.9
15.95
16.0
16.05
16.1
16.15
16.2
16.25
16.3
16.35
16.4
16.45
16.5
16.55
16.6
16.65
16.7
16.75
16.8
16.85
16.9
16.95
17.0
17.05
17.1
17.15
17.2
17.25
17.3
17.35
17.4
17.45
17.5
17.55
17.6
17.65
17.7
17.75
17.8
17.85
17.9
17.95
18.0
18.05
18.1
18.15
18.2
18.25
18.3
18.35
18.4
18.45
18.5
18.55
18.6
18.65
18.7
18.75
18.8
18.85
18.9
18.95
19.0
19.05
19.1
19.15
19.2
19.25
19.3
19.35
19.4
19.45
19.5
19.55
19.6
19.65
19.7
19.75
19.8
19.85
19.9
19.95
20.0
20.05
20.1
20.15
20.2
20.25
20.3
20.35
20.4
20.45
20.5
20.55
20.6
20.65
20.7
20.75
20.8
20.85
20.9
20.95
21.0
21.05
21.1
21.15
21.2
21.25
21.3
21.35
21.4
21.45
21.5
21.55
21.6
21.65
21.7
21.75
21.8
21.85
21.9
21.95
22.0
22.05
22.1
22.15
22.2
22.25
22.3
22.35
22.4
22.45
22.5
22.55
22.6
22.65
22.7
22.75
22.8
22.85
22.9
22.95
23.0
23.05
23.1
23.15
23.2
23.25
23.3
23.35
23.4
23.45
23.5
23.55
23.6
23.65
23.7
23.75
23.8
23.85
23.9
23.95
24.0
24.05
24.1
24.15
24.2
24.25
24.3
24.35
24.4
24.45
24.5
24.55
24.6
24.65
24.7
24.75
24.8
24.85
24.9
24.95
25.0
25.05
25.1
25.15
25.2
25.25
25.3
25.35
25.4
25.45
25.5
25.55
25.6
25.65
25.7
25.75
25.8
25.85
25.9
25.95
26.0
26.05
26.1
26.15
26.2
26.25
26.3
26.35
26.4
26.45
26.5
26.55
26.6
26.65
26.7
26.75
26.8
26.85
26.9
26.95
27.0
27.05
27.1
27.15
27.2
27.25
27.3
27.35
27.4
27.45
27.5
27.55
27.6
27.65
27.7
27.75
27.8
27.85
27.9
27.95
28.0
28.05
28.1
28.15
28.2
28.25
28.3
28.35
28.4
28.45
28.5
28.55
28.6
28.65
28.7
28.75
28.8
28.85
28.9
28.95
29.0
29.05
29.1
29.15
29.2
29.25
29.3
29.35
29.4
29.45
29.5
29.55
29.6
29.65
29.7
29.75
29.8
29.85
29.9
29.95
30.0
30.05
30.1
30.15
30.2
30.25
30.3
30.35
30.4
30.45
30.5
30.55
30.6
30.65
30.7
30.75
30.8
30.85
30.9
30.95
31.0
);

paddlePosition 1(
621(
3.36777869766e-19
0.00363322556409
0.00545528798207
0.00455788903709
0.00138838215321
-0.0024732333114
-0.00510194183249
-0.00518733206586
-0.00268683697543
0.00115304649694
0.00441813622635
0.00548078480079
0.00381126184672
0.000241824649732
-0.00344816214861
-0.00541923992379
-0.00468882629505
-0.00162103249703
0.00225484609107
0.00500668377716
0.00526268932141
0.00289524394577
-0.00091548069813
-0.00426983816301
-0.00549568106577
-0.00398192665108
-0.000483181579003
0.00325642953712
0.00537271034758
0.00481069475047
0.00185054755225
-0.00203209770386
-0.00490174214139
-0.00532786784837
-0.00309805113612
0.000676144240062
0.00411328167491
0.00549994796567
0.00414488988915
0.000723603971984
-0.00305839856553
-0.00531578924775
-0.00492325869383
-0.00207648340677
0.00180541897424
0.00478731989602
0.00538274158293
0.00329486629089
-0.000435500030711
-0.00394876956274
-0.00549357724777
-0.00429983636874
-0.00096262682036
0.0028544522516
0.00524858671712
0.00502630041176
0.00229840307114
-0.00157524832849
-0.00466363834861
-0.00542720439214
-0.00348530874385
0.000194013507412
0.00377662001442
0.00547658123385
0.00444646640312
0.00119978782272
-0.00264498505414
-0.00517123273416
-0.00511962060812
-0.00251587732373
0.0013420309467
0.00453093671544
0.00546117027912
0.00366901015442
4.78482633533e-05
-0.00359716598966
-0.00544899279644
-0.00458449639064
-0.0014346282787
0.00243040211008
0.0050838769116
0.00520303878947
0.00272848554093
-0.00110621790176
-0.00438947165879
-0.00548457354939
-0.00384561522008
-0.000289617489327
0.00341075457599
0.00541086529517
0.00471365936328
0.0016666939762
-0.00221111845087
-0.00498668820699
-0.00527639361413
-0.00293581651069
0.000868265286884
0.00423951679058
0.00549736893799
0.00401478236356
0.000530826557245
-0.00321774631743
-0.00536227247361
-0.00483370550297
-0.00189553606982
0.00198755819973
0.004879854596
0.00533954320431
0.00313746922781
-0.000628633333529
-0.00408136214309
-0.00549953169695
-0.00417618439351
-0.00077100893726
0.00301851451717
0.00530330831663
0.00494440262481
0.00212071194908
-0.00176015375141
-0.00476358270877
-0.00539236542043
-0.00333305366961
0.00038778552119
0.00391531360808
0.00549105764322
0.00432950913732
0.00100970008528
-0.00281344451553
-0.00523408686861
-0.0050455366261
-0.00234178609441
0.00152934493581
0.00463809743033
0.00543475809744
0.00352219155023
-0.000146187680998
-0.0037416923451
-0.00547196316672
-0.0044744600449
-0.00124643834143
0.00260293294468
0.00515474201286
0.00513691190047
0.00255833091952
-0.00129557816733
-0.00450364146559
-0.00546663924237
-0.00370451705228
-9.56929052659e-05
0.00356083416036
0.00544228519868
0.00461075676227
0.00148076582302
-0.0023873869615
-0.00506542721272
-0.0052183517162
-0.00276992759846
0.00105930558143
0.00436047486996
0.0054879471929
0.00387967753445
0.000337388408951
-0.00337308885721
-0.00540208114014
-0.00473813567377
-0.00171222931007
0.00216722346008
0.00496631521466
0.00528969855805
0.00297616687558
-0.000820984160166
-0.00420887454634
-0.00549864073669
-0.00404733421348
-0.00057843135938
0.00317881955959
0.00535142875102
0.00485635041195
0.00194038112198
-0.0019428682654
-0.00485759771423
-0.00535081443191
-0.0031766498572
0.000581074848293
0.00404913370954
0.00549869919101
0.00420716281944
0.000818355548002
-0.00297840200971
-0.00529042599965
-0.00496517233405
-0.00216477998332
0.00171475530969
0.00473948498529
0.0054015811317
0.00337098878304
-0.000340041661758
-0.00388156131923
-0.00548812244282
-0.00435885422294
-0.00105669693009
0.00277222384127
0.00521919087333
0.00506439096427
0.0023849918774
-0.00148332579322
-0.00461220547329
-0.00544190046798
-0.00355880777623
9.83507902313e-05
0.00370648148228
0.00546693094893
0.00450211503298
0.00129299452229
-0.0025606838298
-0.00513786115008
-0.00515381440082
-0.00260059088565
0.0012490273309
0.00447600535341
0.0054716944579
0.0037397435703
0.000143530304571
-0.00352423282598
-0.00543516569645
-0.00463666816446
-0.00152679129418
0.0023441911213
0.00504659413222
0.00523326968709
0.00281116001141
-0.00101231308657
-0.0043311480545
-0.00549090547598
-0.00391344621179
-0.000385133793016
0.00333516784303
0.00539288812353
0.00476225337402
0.00175763505226
-0.00212316444096
-0.00494556634209
-0.00530260314618
-0.00301629198649
0.000773640896492
0.00417791374948
0.0054994963656
0.00407957973711
0.000625992382396
-0.00313965220981
-0.00534018000052
-0.00487862776348
-0.00198507931456
0.00189803128325
0.00483497318063
0.00536168067811
0.00321559005886
-0.000533472383861
-0.00401659881351
-0.00549745051087
-0.0042378228223
-0.000865640220736
0.00293806407909
0.00527714327182
0.00498556624956
0.00220868417416
-0.0016692270851
-0.00471502854945
-0.00541038801923
-0.00340866876002
0.000292272065954
0.00384751525077
0.00548477186873
0.00438786940459
0.00110361379781
-0.00273079334865
-0.00520389985869
-0.00508286199926
-0.00242801715005
0.00143719438373
0.00458596443715
0.00544863096318
0.00359515465053
-5.05064556931e-05
-0.00367099009094
-0.00546148496134
-0.00452942927427
-0.00133945284164
0.00251824090716
0.00512059142345
0.0051703268299
0.00264265402361
-0.00120238196067
-0.00444803047057
-0.0054763355431
-0.00377468704231
-0.000191356840651
0.00348736475673
0.00542763482861
0.00466222863606
0.00157270120871
-0.0023008178588
-0.00502737909552
-0.00524779157306
-0.00285217965908
0.000965243973842
0.00430149343203
0.00549344817472
0.00394691869628
0.000432850027869
-0.00329699440355
-0.00538328694113
-0.00478601063866
-0.0018029077662
0.00207894472815
0.0049244431597
0.00531510640181
0.00305618880651
-0.00072623907908
-0.0041466367433
-0.00549993575998
-0.00411151649391
-0.00067350602659
0.00310024723251
0.00532852707349
0.0049005358715
0.00202962726456
-0.00185305064683
-0.00481198270754
-0.00537214112048
-0.00325428688558
0.000485829543072
0.00398375991744
0.00549578575103
0.00426816208157
0.000912859376678
-0.00289750377834
-0.00526346113845
-0.00500558282781
-0.00225242119866
0.0016235725235
0.00469021525225
0.00541878541647
0.00344609074871
-0.000244480349265
-0.00381317797951
-0.00548100617454
-0.00441655248622
-0.00115044713749
0.00268915617338
0.005188214982
0.00510094833307
0.00247085865594
-0.00139095419883
-0.00455937630799
-0.00545494907363
-0.00363122942217
2.65829852664e-06
0.00363522085726
0.00545562561614
0.00455640070145
0.00138580978325
-0.00247560738909
-0.00510293414006
-0.00518644793794
-0.00268451714982
0.00115564558704
0.00441971893437
0.00548056214671
0.0038093448236
0.000239168893709
-0.00345023274302
-0.00541969316514
-0.00468743624252
-0.00161849209187
0.00225727045674
0.00500778355691
0.00526191627499
0.00289298343685
-0.00091810180572
-0.004271513247
-0.00549557509668
-0.00398009245453
-0.000480533502061
0.00325857142795
0.0053732783196
0.00480940566959
0.00184804402537
-0.00203456766846
-0.00490294726621
-0.00532720737862
-0.00309585431602
0.000678782295583
0.00411504589502
0.00549995888655
0.00414314206674
0.00072096869585
-0.00306060761009
-0.00531647085189
-0.00492207307786
-0.00207402160031
0.00180792976053
0.00478862803503
0.0053821949673
0.00329273740854
-0.000438149931818
-0.00395061950675
-0.00549370503749
-0.00429817830099
-0.000960009442002
0.0028567241773
0.00524938063508
0.00502522055383
0.00229598774655
-0.00157779508029
-0.00466504697171
-0.00542677268785
-0.00348325191678
0.000196670128851
0.00377855210429
0.00547682564525
0.00444490129694
0.00119719340449
-0.00264731546679
-0.0051721374304
-0.00511864859683
-0.00251351315258
0.00134460873826
0.00453244309816
0.00546085432114
0.00366702936081
4.51900598358e-05
-0.00359917648849
-0.00544935335679
-0.00458302727316
-0.00143206183855
0.00243278650236
0.00508489063632
0.0052021765048
0.00272617709583
-0.00110882174728
-0.0043910728876
-0.00548437394883
-0.00384371429104
-0.000286962845044
0.0034128395952
0.00541134130711
0.00471228907597
0.00166416047794
-0.00221355221104
-0.00498780899951
-0.00527564272386
-0.00293356825646
0.000870890150201
0.00424120976848
0.00549728608089
0.00401296497574
0.000528180606624
-0.00321990182432
-0.00536286301646
-0.00483243669614
-0.00189304041359
0.0019900366206
0.00488108028855
0.00533890516075
0.00313528551289
-0.00063127413781
-0.00408314359564
-0.00549956574358
-0.00417445406197
-0.000768376797917
0.0030207363427
0.00530401224821
0.0049432377525
0.00211825896179
-0.00176267203938
-0.00476491093072
-0.00539184145765
-0.00333093871757
0.000390437158776
0.00391718008972
0.00549120852773
0.00432786920875
0.00100708684811
-0.00281572836241
-0.00523490282741
-0.00504447794132
-0.00233938052046
0.00153189822018
0.00463952561271
0.00543434922885
0.00352014945167
-0.000148845023274
-0.00374364024582
-0.00547223059728
-0.00447291369114
-0.00124384906079
0.00260527439566
0.00515566842073
0.00513596145086
0.00255597741161
-0.00129816150971
-0.00450516684612
-0.00546634625877
-0.00370255175689
-9.30349979462e-05
0.00356285971266
0.00544266865803
0.00460930697416
0.0014782055069
-0.0023897814879
-0.00506646227785
-0.00521751134005
-0.00276763070857
0.00106191398531
0.00436209449835
0.00548777066096
0.00387779284337
0.000334735077327
-0.00337518814341
-0.00540257988663
-0.00473678525539
-0.00170970291047
0.00216966643057
0.0049674569351
0.00528896988076
0.00297393104621
-0.000823612580544
-0.00421058529002
-0.00549858099785
-0.00404553377194
-0.000575787735343
0.00318098851939
0.00535204182001
0.00485510197519
0.00193789352527
-0.00194535495495
-0.00485884388176
-0.00535019886283
-0.00317447941273
0.000583718201463
0.00405093225971
0.00549875636082
0.00420545010973
0.000815726744665
-0.00298063644806
-0.00529115220538
-0.00496402829356
-0.00216233600086
0.00171728090873
0.00474083318965
0.00540107986142
0.00336888792139
-0.000342694835131
-0.00388344419725
-0.0054882964107
-0.00435723255767
-0.00105408803191
0.00277451943648
0.00522002881122
0.00506335353276
0.00238259623615
-0.00148588541691
-0.00461365310687
-0.00544151446603
-0.00355678056074
0.000101008652221
0.00370844504642
0.00546722137839
0.00450058754866
0.0012904105752
-0.00256303614188
-0.00513880919946
-0.00515288558483
-0.0025982482191
0.00125161602859
0.00447754961631
0.00547142447085
0.00373779392187
0.000140872894616
-0.00352627327846
-0.00543557202578
-0.00463523781544
-0.00152423729588
0.00234659560058
0.00504765045943
0.00523245128306
0.00280887485059
-0.00101492585138
-0.0043327859599
-0.00549075202603
-0.0039115779013
-0.000382481974872
0.00333728123734
0.00539340956683
0.00476092292679
0.00175511594252
-0.00212561643686
-0.00494672890406
-0.00530189673701
-0.0030140687512
0.000776272674997
0.00417964212946
0.00549945974954
0.00407779637811
0.000623351285027
-0.00314183445837
-0.00534081554925
-0.00487739979129
-0.00198259996567
0.00190052605329
0.00483623972881
0.00536108763009
0.00321343304912
-0.000536118085856
-0.00401841432517
-0.00549753079952
-0.00423612786406
-0.00086301495237
0.00294031096115
0.00527789169674
)
);

paddleEta 1(
621(
0.0055
0.0041291248468
0.000699880727445
-0.00307825397353
-0.00532187889722
-0.00491254689417
-0.0020543099907
0.00182800055757
0.00479905272606
0.00537777684326
0.00327567890451
-0.000459345150624
-0.00396538562258
-0.00549468114077
-0.00428487780419
-0.000939062643516
0.00287487529727
0.00525568774221
0.00501653955487
0.00227664611997
-0.00159815553257
-0.00467627656309
-0.0054232734664
-0.00346676824459
0.000217921140278
0.00379397682458
0.00547873485047
0.00443234324819
0.00117642828977
-0.00266593623664
-0.00517933140056
-0.00511082957278
-0.00249457891824
0.001365219466
0.00454445587039
0.00545828077023
0.00365115240203
2.39243580199e-05
-0.0036152299798
-0.00545219197128
-0.00457123596135
-0.00141151857003
0.00245184090708
0.00509295755543
0.00519523457867
0.00270768687503
-0.00112964288666
-0.00440384560642
-0.00548273104604
-0.00382847475378
-0.000265723583484
0.00342949080799
0.00541510384062
0.00470128730704
0.001643878789
-0.00223300339694
-0.0049967332651
-0.00526959132226
-0.0029155578117
0.000891881430407
0.00425471772977
0.00549657700382
0.00399839233526
0.000507008864827
-0.00323711855297
-0.00536754219177
-0.00482224574896
-0.00187305953165
0.00200984696653
0.00489084463993
0.00533375598787
0.00311778967871
-0.000652394958965
-0.00409736067326
-0.00549979186367
-0.00416057650366
-0.000747313524796
0.00303848528781
0.00530959901517
0.00493387733768
0.0020986175325
-0.00178280322955
-0.00477549648235
-0.00538760447266
-0.00331399133322
0.000411646670452
0.00393207878597
0.00549236940763
0.00431471357362
0.000986172782788
-0.0028339751952
-0.0052413863805
-0.00503596616314
-0.0023201165329
0.00155231131824
0.00465091189075
0.00543103262664
0.00350378329559
-0.000170102203506
-0.00375919174467
-0.0054743239917
-0.0044605054239
-0.0012231246538
0.00262398382436
0.0051630362199
0.00512831477219
0.00253712812486
-0.00131881703406
-0.00451733182803
-0.00546395645407
-0.00368679848337
-7.17712633223e-05
0.00357903393549
0.00544569051808
0.00459767007403
0.00145771084195
-0.00240891732605
-0.00507470007281
-0.00521074455058
-0.0027492325796
0.00108277198547
0.00437501465546
0.00548631227598
0.00386268292129
0.000313505915152
-0.00339195380715
-0.00540652436763
-0.00472594222966
-0.00168947762692
0.00218919166695
0.00497654879289
0.00528309606834
0.00295601965941
-0.000844632714415
-0.00422423563305
-0.00549805685328
-0.00403109642587
-0.000554634205589
0.00319831319707
0.00535690129282
0.00484507379567
0.00191797674147
-0.0019652318252
-0.00486877221753
-0.00534522938819
-0.00315708941106
0.000604859813361
0.00406528638712
0.00549916747043
0.00419171326338
0.000794689761021
-0.00299848663148
-0.00529691727115
-0.00495483435607
-0.00214276623846
0.00173747096839
0.00475157880071
0.00539702433616
0.00335205293938
-0.000363917034416
-0.00389847434629
-0.00548964197936
-0.0043442227799
-0.00103320828265
0.00279286060106
0.00522668831955
0.00505501161958
0.00236341134564
-0.00150634961577
-0.00462519520979
-0.00543838073407
-0.00354053315946
0.000122270392389
0.00372412214682
0.00546949880359
0.00448833000208
0.00126972844449
-0.00258183281341
-0.00514635027
-0.00514541183029
-0.00257948530655
0.00127231478621
0.00448986588717
0.00546921859324
0.00372216552591
0.000119612736549
-0.00354256700864
-0.00543877690267
-0.00462375620774
-0.00150379278566
0.00236581142384
0.00505605850676
0.0052258601424
0.00279057020592
-0.00103581913366
-0.00434585257741
-0.00548947826922
-0.00389659873801
-0.00036126451883
0.00335416008312
0.00539753569677
0.0047502394649
0.00173494859515
-0.00214521424594
-0.00495598766592
-0.00529620095834
-0.00299625777799
0.000797320071604
0.00419343382109
0.00549912057715
0.00406349541916
0.00060221756834
-0.00315926577384
-0.00534585495177
-0.00486753513843
-0.00196274878742
0.00192046794346
0.00484633129754
0.00535629822981
0.00319615019613
-0.000557278888374
-0.00403290441598
-0.00549812686755
-0.00422253276936
-0.000842005850407
0.00295826103188
0.00528383462497
0.00497541636316
0.00218675276714
-0.00169200720512
-0.00472730149137
-0.00540603572082
-0.00338986084228
0.000316159854977
0.00386457484692
0.00548649906238
0.0043734031896
0.00108016558317
-0.00275153462664
-0.00521159467179
-0.00507367448272
-0.00240652728137
0.00146027390381
0.00459912846659
0.00544531723257
0.00357701505475
-7.44293271222e-05
-0.00368877068528
-0.00546425965133
-0.00451581487679
-0.0013162361346
0.00253948639402
0.00512927481374
0.00516211945307
0.00262164725747
-0.00122571624203
-0.00446206012659
-0.00547406678948
-0.00375725085286
-0.000167445156774
0.00350583195929
0.00543145164834
0.00464949238812
0.0015497609134
-0.00232252646298
-0.00503703426818
-0.00524058021009
-0.00283169662532
0.000988787884917
0.00431636157944
0.00549222878615
0.00393021963701
0.000408995779864
-0.00331611249632
-0.00538813850836
-0.00477417717381
-0.00178028825216
0.00210107446238
0.00493505144037
0.00530890500041
0.003036269122
-0.000749947082875
-0.00416231462516
-0.00549976809492
-0.00409558686299
-0.00064975535169
0.00311997923862
0.00533440400467
0.00488962807722
0.00200737228088
-0.0018755587093
-0.00482352357841
-0.00536696167497
-0.00323496907757
0.000509655785211
0.00400021721068
0.00549667013378
0.00425303268897
0.00088925821179
-0.00291781153351
-0.00527035206681
-0.0049956218012
-0.00223057378939
0.00164641538069
0.00470266639178
0.00541463794459
0.00342741218038
-0.000268378746684
-0.00383038285357
-0.00548294089457
-0.00440225259418
-0.00112704113035
0.00271000039975
0.0051961065796
0.00509195334005
0.00244946107682
-0.00141408766966
-0.00457271363404
-0.00545184159711
-0.00361322622031
2.65826286024e-05
0.00365314003568
0.00545860693146
0.00454295796781
0.00136264420413
-0.00249694777122
-0.00511181114352
-0.005178436376
-0.00266361078657
0.00117902492836
0.00443391665081
0.00547850067583
0.00379205180875
0.000215264903755
-0.00346883156775
-0.00542371530949
-0.0046748766673
-0.00159561174603
0.00227906571952
0.00501762879693
0.00525490363955
0.0028726087251
-0.000941681798832
-0.00428654389359
-0.0054945636186
-0.00396354307364
-0.000456696085669
0.00327781392645
0.00537833351363
0.00479775354465
0.00182549316638
-0.00205677565702
-0.00491374170082
-0.00532120723302
-0.00307605066313
0.000702517333698
0.00413088040054
0.00549999935759
0.00412736832848
0.000697243957697
-0.00308045656484
-0.0053225493182
-0.00491135093992
-0.00205184384449
0.00183050752172
0.00480035078638
0.00537721891661
0.00327354311735
-0.000461994108273
-0.00396722724519
-0.00549479737937
-0.00428321071382
-0.000936443268831
0.00287714119784
0.00525647061711
0.00501544914092
0.00227422598858
-0.00160069894577
-0.00467767536647
-0.0054228303564
-0.00346470411157
0.000220577325893
0.00379590095411
0.00547896774524
0.00443076881014
0.00117383137636
-0.00266826106394
-0.00518022521521
-0.00510984680812
-0.00249220948252
0.00136779440895
0.00454595271137
0.00545795333392
0.00364916391545
2.12660818485e-05
-0.00361723289474
-0.00545254107179
-0.0045697572208
-0.00140894914067
0.00245422016458
0.00509396058107
0.00519436136411
0.00270537271778
-0.00113224437908
-0.00440543758989
-0.00548251991672
-0.00382656575964
-0.00026306835821
0.00343156863445
0.00541556847166
0.00469990712406
0.00164134181329
-0.00223543248284
-0.00499784356175
-0.0052688293467
-0.0029133034088
0.000894504440677
0.00425640177665
0.00549648258984
0.0039965665258
0.000504361826003
-0.00323926727215
-0.00536812145468
-0.00482096679301
-0.00187055991645
0.00201232118267
0.00489206006012
0.00533310672507
0.00311559939048
-0.000655034413838
-0.00409913352636
-0.00549981434764
-0.00415883741023
-0.00074467979214
0.00304070074382
0.00531029178959
0.00493270208242
0.00209616011237
-0.00178531779047
-0.0047768146753
-0.00538706917839
-0.00331186939595
0.000414297464877
0.00393393701638
0.00549250874606
0.00431306455985
0.000983557450284
-0.00283625310304
-0.0052421913265
-0.00503489688166
-0.00231770606083
0.00155486136044
0.00465233030692
0.00543061233622
0.00350173381338
-0.0001727592105
-0.00376113175832
-0.0054745799151
-0.00445894967921
-0.00122053277984
0.00262631977828
0.00516395178062
0.00512735353264
0.00253476926301
-0.00132139762544
-0.004518847724
-0.0054636519804
-0.0036848254202
-6.91131827562e-05
0.00358105198014
0.00544606253145
0.00459621060743
0.00145514743956
-0.00241130680799
-0.00507572447743
-0.00520989321211
-0.00274692989032
0.00108537813483
0.00437662509929
0.00548612420795
0.00386079009332
0.000310851902089
-0.00339404597965
-0.00540701175145
-0.00472458186394
-0.00168694765406
0.00219163005535
0.00497768006008
0.00528235627755
0.0029537775964
-0.000847259381113
-0.00422593750994
-0.00549798555464
-0.00402928749407
-0.000551989393238
0.00320047545087
0.00535750310443
0.00484381516197
0.00191548509143
-0.0019677144039
-0.00487000815927
-0.00534460257594
-0.00315491231076
0.000607501917083
0.00406707640542
0.00549921307908
0.00418999172647
0.000792059264795
-0.00300071478451
-0.00529763234656
-0.00495367988874
-0.00214031773041
0.00173999293576
0.00475291702652
0.00539651171478
0.0033499450126
-0.000366569464989
-0.00390034904386
-0.00548980440708
-0.00434259196755
-0.00103059719027
0.00279515034377
0.00522751527573
0.00505396355152
0.00236101071533
-0.00150890609398
-0.00462663313138
-0.00543798329504
-0.00353849848319
0.000124928019665
0.00372607789775
0.00546977773624
0.00448679306849
0.00126714180615
-0.00258417971714
-0.00514728750748
-0.0051444721886
-0.0025771371971
0.00127490083072
0.0044914007234
0.00546893710526
0.00372020803548
0.000116955052768
-0.00354460003027
-0.00543917180075
-0.00462231612555
-0.00150123560426
0.00236821094938
0.00505710421283
0.00522503074446
0.00278827915889
-0.00103842974271
-0.00434748135972
-0.00548931327672
-0.00389472221947
-0.000358611918851
0.0033562664433
0.00539804579649
0.00474889901941
0.00173242581661
-0.00214766175229
-0.00495713981803
-0.00529548340832
-0.00299402822457
0.000799950195929
0.00419515339919
0.00549907239925
0.00406170350194
0.000599575182638
-0.00316144139861
-0.00534647926653
-0.00486629692224
-0.00196026529112
0.00192295869682
0.00484758766728
0.00535569391554
0.00319398644855
-0.000559923440976
-0.00403471146398
-0.00549819559743
-0.00422082891926
-0.000839378789702
0.00296050171328
0.00528457194727
0.00497428277115
0.0021843133565
-0.00169453638805
-0.00472865964875
-0.00540554581113
-0.00338776708552
0.000318813720946
0.00386646586976
0.0054866845671
0.00437179070209
0.00107755892854
-0.00275383603092
-0.00521244357555
-0.00507264770739
-0.00240413667451
0.00146283662455
0.00460058578477
0.005444942675
0.00357499533841
-7.70873735353e-05
-0.00369074202548
-0.00546456157212
-0.00451429687063
-0.00131365492765
0.00254184406994
0.00513023365707
0.00516120148035
0.00261931007815
-0.00122830754392
-0.00446361378692
-0.00547380830848
-0.00375530908332
-0.000164788070926
0.00350787980401
0.00543186940123
0.00464807179933
0.00154721014653
)
);

